6
3
5 6
4 3
2 1
5 3
3 2
1 5
2
3
2
1
7
4
1 2 3
1 2 3
1 2 3
1 2 3
3 2 4
2 3 4
5 3 1
3 2 4
10
1 2 3 4 5 7 8 9 1
2 3 5 2 6 4 4 6 8
2 3 4 5 7 2 4 3 5
4 6 1 1 3 4 5 2 4
5 4 6 4 2 4 3 6 8
8 6 5 3 2 5 3 4 6
2 3 5 2 6 4 4 6 8
2 3 4 5 7 2 4 3 5
4 6 1 1 3 4 5 2 4
5 4 6 4 2 4 3 6 8
2 3 5 2 6 4 4 6 8
2 3 4 5 7 2 4 3 5
4 6 1 1 3 4 5 2 4
5 4 6 4 2 4 3 6 8
1 2 3 4 5 7 8 9 1
2 3 5 2 6 4 4 6 8
2 3 4 5 7 2 4 3 5
4 6 1 1 3 4 5 2 4
5 4 6 4 2 4 3 6 8
8 6 5 3 2 5 3 4 6
10
1 3 2 3 4 5 7 8 9
1 2 3 5 5 2 6 4 4
6 8 2 3 4 4 5 7 2
4 3 5 4 6 1 1 3 3
4 5 2 4 5 4 6 4 2
2 4 3 6 8 8 6 5 3
2 5 2 3 4 6 2 3 5
2 6 4 4 2 6 8 2 3
4 5 7 2 4 3 3 5 4
6 1 1 3 4 5 2 4 2
4 6 1 1 3 4 5 2 4
1 5 4 6 4 2 4 3 6
8 9 1 2 3 4 5 7 8
9 1 3 2 3 5 2 6 4
4 6 8 4 2 3 4 5 7
2 4 3 5 3 4 6 1 1
3 4 5 2 4 2 5 4 6
4 2 4 3 6 8 1 8 6
5 3 2 5 3 4 6 5 4
6 1 1 3 4 5 2 4 2
10
5 4 6 4 2 4 3 6 8
1 2 3 5 5 2 6 4 4
6 8 2 3 4 4 5 7 2
4 3 5 4 6 1 1 3 3
4 5 2 4 5 4 6 4 2
2 4 3 6 8 8 6 5 3
2 5 2 3 4 6 2 3 5
2 6 4 4 2 6 8 2 3
4 5 7 2 4 3 3 5 4
6 1 1 3 4 5 2 4 2
4 6 1 1 3 4 5 2 4
1 5 4 6 4 2 4 3 6
8 9 1 2 3 4 5 7 8
9 1 3 2 3 5 2 6 4
4 6 8 4 2 3 4 5 7
2 4 3 5 3 4 6 1 1
3 4 5 2 4 2 5 4 6
4 2 4 3 6 8 1 8 6
5 3 2 5 3 4 6 5 4
6 1 1 3 4 5 2 4 2